- 8x8 board, winning factor 5, max-plies 3, human red, human starts
    - Minimax
        2.584
        2.616
        2.493
        2.536
        2.242
        2.612
        2.711
        2.548
        1.694
        1.537
        1.759
        1.549
        1.733
        0.865
        0.809
        0.760
        0.437
        0.437
        0.430
        0.274
        0.153

    - abp
        0.371
        0.457
        0.398
        0.769
        0.911
        0.532
        0.691
        0.631
        0.456
        0.536
        0.606
        0.483
        0.670
        0.363
        0.300
        0.269
        0.132
        0.272
        0.130
        0.066
        0.045

- 6x7 board, winning factor 4, max-plies 4, human blue, computer starts
    - minimax
        7.366
        7.308
        7.192
        7.420
        6.500
        5.659
        4.026
        4.100
        3.975
        2.999
        1.514

    - abp
        0.929
        0.902
        1.309
        1.161
        0.884
        0.872
        0.300
        0.257
        0.165
        0.257
        0.067
